-0.86061 -2.13267 4.00
-0.41739 -1.60454 3.87
-1.36692 -3.16443 3.95
1.29896 -2.93550 3.96
-0.29176 -1.51759 3.62
-1.09886 -2.00358 3.32
-1.35798 -2.38819 1.68
0.83165 -1.62888 1.92
-0.45018 -1.40906 2.69
0.38609 -1.35500 2.89
-0.41993 -1.32892 3.05
-0.77667 -1.41091 3.64
-1.62693 -2.38807 4.00
-1.49090 -1.97510 3.01
-1.21129 -1.57497 2.76
0.22292 -1.08288 3.19
1.30411 -1.70240 3.62
-0.61878 -1.08091 1.33
-0.61872 -1.08090 1.73
0.68557 -1.13191 2.85
-0.93962 -1.24631 3.13
0.80506 -1.21106 3.85
-1.64853 -1.89268 3.69
-1.39520 -1.51354 3.32
-1.50916 -1.59914 3.40
0.23176 -0.84023 -0.01
-0.00799 -0.79812 0.61
0.23178 -0.84025 1.33
-0.70369 -0.94524 3.59
1.39296 -1.42264 3.62
-0.53416 -0.84031 1.25
1.16532 -1.10907 3.76
-0.77945 -0.87382 2.80
-1.36469 -1.24505 3.78
-1.55601 -1.40610 3.82
-1.25112 -1.16559 3.91
-0.69263 -0.73897 1.63
1.53033 -1.18133 3.34
1.56424 -1.14018 2.85
1.33243 -1.00079 3.13
-1.30363 -0.87365 3.89
-0.20028 -0.42552 2.30
0.55407 -0.40799 3.41
-0.93528 -0.54571 3.96
-0.99760 -0.47081 2.60
-0.83395 -0.38096 3.91
-0.73446 -0.27731 2.17
-0.77495 -0.26495 3.86
0.58960 -0.22858 3.87
0.33238 -0.11133 2.30
-0.08518 -0.08756 2.55
0.13260 -0.02395 3.55
0.73960 -0.03736 3.37
-0.05951 0.04502 3.87
0.52119 0.09243 2.68
0.30101 0.17272 2.31
-0.15082 0.16595 3.04
0.53682 0.14625 3.13
-0.06637 0.18859 3.83
0.91670 0.11845 2.78
-0.15395 0.20778 3.41
0.78020 0.18099 3.22
-0.35091 0.31659 3.88
1.24099 0.18824 3.41
0.39222 0.40057 4.00
0.01820 0.49739 2.06
-0.48011 0.45057 2.75
0.84397 0.41777 3.56
1.23131 0.48405 3.95
1.14983 0.74209 3.66
1.40170 0.71987 3.88
1.15827 0.84358 3.58
1.50133 0.90158 2.89
0.01717 1.04557 3.27
0.76445 1.08429 3.29
-1.22681 1.13926 2.65
-0.61268 1.23235 3.00
1.61055 1.11994 2.32
-1.60363 1.12152 3.00
1.76622 1.22996 3.96
1.76879 1.29422 2.62
-1.64584 1.48805 2.59
0.67874 1.70679 2.75
-1.43966 1.59665 2.95
