-0.7442471575 -0.3089593815 -7.7764000000
0.6034441875 0.9954249305 -7.2075000000
1.1336024315 1.3737660090 -7.1826000000
0.7373285535 -0.9251021395 -6.9030000000
-1.3733531350 -1.2546650655 -6.6178000000
0.1235633245 -0.6829507300 -6.5293000000
-0.3780001610 0.8504800150 -6.5163000000
1.2876044335 -0.7774438980 -6.4683000000
-0.1446490045 0.1668469110 -6.4580000000
-0.1303142995 -0.9965977945 -6.3906000000
0.1744546265 -0.9742732230 -6.3755000000
-0.0476521815 -0.6153323715 -6.2595000000
-0.6985744535 -0.9811241825 -6.1271000000
1.0998292305 1.0497776905 -6.0473000000
-0.8511014820 0.2595745845 -5.9861000000
-0.3104049795 0.4297096650 -5.9368000000
-1.0011008700 0.9338770595 -5.9001000000
0.5161760450 0.2889721835 -5.8804000000
1.1249199500 -0.8727700905 -5.8767000000
-0.4564095690 -1.2540872575 -5.7124000000
-0.5642993125 -0.9291206540 -5.7005000000
1.2456618790 -0.6315568105 -5.6214000000
1.3539741985 0.6148941645 -5.5828000000
0.0760696090 1.1177175625 -5.5381000000
-0.2860828740 -0.5507480440 -5.5035000000
1.1718536445 -0.7191796150 -5.4746000000
0.1685002935 1.2206512010 -5.4651000000
0.9747475430 1.1222912470 -5.4639000000
-1.2518331595 0.4087393310 -5.4577000000
-1.1777786020 1.3662504625 -5.4504000000
-1.1179773605 -0.7167931925 -5.4493000000
0.2721343625 -1.3201519485 -5.4402000000
0.3611208370 1.0643037405 -5.4360000000
1.3223200760 -1.2991220550 -5.4227000000
0.3344125785 -0.2213228325 -5.4183000000
-0.2008734420 -0.7262065580 -5.4183000000
0.3477134815 -1.3419714770 -5.4182000000
-0.1408301895 -1.1898327980 -5.4124000000
0.4102525735 -0.2127028750 -5.4034000000
1.3511447180 0.1639689205 -5.4034000000
